0,1,2,3,4,5,6,7,8,9,10,11,12,13,14,15,16,17
-5216.0,-9936.0,10896.0,-6683.0,1027.0,-74.0,5964.0,11672.0,12856.0,-4481.0,-540.0,5563.0,3668.0,-15304.0,7588.0,4287.0,1815.0,-472.0
-5304.0,-10088.0,10320.0,-9259.0,748.0,-936.0,5756.0,12016.0,12840.0,-6774.0,116.0,6920.0,3184.0,-15108.0,8316.0,6610.0,2386.0,-791.0
-4956.0,-10188.0,10272.0,-12273.0,767.0,-1551.0,6624.0,11636.0,12336.0,-8734.0,392.0,8218.0,2148.0,-16696.0,10612.0,9193.0,1931.0,-939.0
-4600.0,-10580.0,10108.0,-15595.0,1135.0,-2350.0,8088.0,12204.0,14320.0,-12229.0,495.0,10802.0,2836.0,-17584.0,9060.0,11517.0,1752.0,-1720.0
-4540.0,-11148.0,9944.0,-20085.0,673.0,-3425.0,9568.0,11884.0,15216.0,-16613.0,1098.0,13993.0,2980.0,-17372.0,9100.0,15371.0,3910.0,-1749.0
-3984.0,-11852.0,8684.0,-25482.0,1015.0,-5127.0,9576.0,12124.0,15844.0,-20696.0,1240.0,19288.0,2588.0,-18192.0,10312.0,19901.0,6139.0,-1919.0
-3344.0,-13176.0,7712.0,-29842.0,80.0,-7492.0,8784.0,13120.0,15744.0,-26202.0,2868.0,20094.0,1848.0,-18308.0,13224.0,25325.0,8657.0,-2459.0
-1988.0,-13960.0,5892.0,-32768.0,-107.0,-10408.0,11216.0,11020.0,17244.0,-31946.0,3910.0,22548.0,-104.0,-17820.0,14956.0,32462.0,7816.0,-2267.0
-1828.0,-15488.0,3088.0,-32768.0,816.0,-13070.0,14304.0,8300.0,22360.0,-32768.0,7672.0,27039.0,1144.0,-18908.0,12872.0,32767.0,10662.0,-970.0
-420.0,-17600.0,1680.0,-32768.0,1278.0,-15622.0,14072.0,4680.0,16780.0,-32768.0,8365.0,32767.0,-1792.0,-15060.0,17304.0,32767.0,9629.0,-70.0
-772.0,-22168.0,-1912.0,-32768.0,1466.0,-17088.0,12952.0,-932.0,18080.0,-32768.0,6282.0,32767.0,1544.0,-8528.0,13596.0,32767.0,8051.0,1589.0
1616.0,-23912.0,-5512.0,-32768.0,-738.0,-17241.0,12124.0,-648.0,21364.0,-32768.0,7110.0,32767.0,-576.0,-3948.0,15764.0,32767.0,6925.0,3844.0
2804.0,-23552.0,-7432.0,-32768.0,-1027.0,-15456.0,13308.0,-2088.0,20768.0,-32768.0,11354.0,32767.0,-5132.0,-3656.0,20560.0,32767.0,6043.0,5749.0
2592.0,-21780.0,-11024.0,-32768.0,3754.0,-13841.0,14348.0,-5308.0,24036.0,-32768.0,17166.0,32767.0,-3968.0,2580.0,18052.0,32767.0,3270.0,6754.0
2900.0,-21816.0,-13632.0,-32768.0,-3880.0,-10831.0,8956.0,-9048.0,16324.0,-32768.0,21807.0,32767.0,-2108.0,7460.0,14584.0,32767.0,3914.0,10671.0
2732.0,-18948.0,-11540.0,-32768.0,-11798.0,-9752.0,6804.0,-12604.0,11772.0,-31085.0,23706.0,32767.0,-3072.0,6236.0,14320.0,32767.0,5637.0,16421.0
3676.0,-19440.0,-15268.0,-32768.0,-12657.0,-8784.0,3536.0,-11856.0,13400.0,-29883.0,24121.0,32767.0,-1556.0,10176.0,13008.0,32767.0,3164.0,19089.0
44.0,-15344.0,-14512.0,-32768.0,-8593.0,-8232.0,392.0,-14956.0,10924.0,-26327.0,23116.0,32767.0,436.0,14564.0,13232.0,32767.0,1364.0,22621.0
2148.0,-19040.0,-17448.0,-32768.0,-9736.0,-8094.0,-1132.0,-12084.0,11564.0,-20299.0,18968.0,32767.0,260.0,16420.0,13336.0,32767.0,-883.0,21749.0
1244.0,-16528.0,-16724.0,-32768.0,-12636.0,-5270.0,296.0,-10328.0,15964.0,-14883.0,18987.0,32767.0,-1872.0,13212.0,14936.0,32767.0,-3731.0,20956.0
464.0,-12836.0,-15684.0,-27401.0,-7736.0,-2978.0,1372.0,-16668.0,13744.0,-10586.0,20585.0,32767.0,-528.0,10132.0,14104.0,31792.0,-6804.0,22879.0
1156.0,-12464.0,-15760.0,-24688.0,-8609.0,-3078.0,-3516.0,-11876.0,10736.0,-9751.0,20765.0,32767.0,812.0,13332.0,11244.0,30806.0,-6763.0,26432.0
2272.0,-11548.0,-15892.0,-24669.0,-9046.0,-3415.0,-3412.0,-11632.0,8708.0,-7506.0,20949.0,32767.0,1376.0,11716.0,9844.0,29814.0,-6495.0,29686.0
2276.0,-10172.0,-7820.0,-22567.0,-13725.0,-4449.0,-3244.0,-6724.0,8948.0,-5906.0,19471.0,32767.0,1724.0,12652.0,8048.0,26633.0,-5309.0,28787.0
588.0,-8392.0,-13052.0,-28921.0,-13694.0,-4268.0,-3152.0,-11872.0,7028.0,-3966.0,18020.0,32767.0,2240.0,9428.0,8680.0,25222.0,-5823.0,29885.0
-324.0,-7648.0,-11396.0,-26968.0,-16133.0,-4724.0,-6752.0,-8252.0,6608.0,-3007.0,15799.0,32767.0,5524.0,12260.0,6392.0,23321.0,-4679.0,31644.0
-1276.0,-7048.0,-11432.0,-23020.0,-17906.0,-5735.0,-8264.0,-2628.0,5512.0,-2186.0,12954.0,32631.0,8508.0,9088.0,4604.0,20444.0,-2550.0,32767.0
-1292.0,-6768.0,-8368.0,-21341.0,-19060.0,-7274.0,-6908.0,1036.0,7288.0,-3836.0,10768.0,29573.0,8436.0,7204.0,6452.0,19098.0,-53.0,31332.0
-3636.0,-6764.0,-8068.0,-21359.0,-17414.0,-8624.0,-4204.0,-388.0,11616.0,-5412.0,11258.0,26166.0,7316.0,2852.0,9572.0,19736.0,837.0,31771.0
-6420.0,-9172.0,-8228.0,-22176.0,-13934.0,-9927.0,-4400.0,-1168.0,12212.0,-8491.0,10784.0,27143.0,8212.0,3420.0,11476.0,20862.0,1975.0,32767.0
-9008.0,-11352.0,-7776.0,-23152.0,-11932.0,-10587.0,-5548.0,-940.0,13412.0,-7102.0,7521.0,28534.0,9628.0,3648.0,12936.0,19608.0,2991.0,32767.0
-9528.0,-11936.0,-6624.0,-18930.0,-10207.0,-10788.0,-3812.0,5180.0,16708.0,-5416.0,5342.0,26762.0,9892.0,588.0,13412.0,16531.0,2404.0,32012.0
-8580.0,-11380.0,-7084.0,-16889.0,-10564.0,-9417.0,-3076.0,7236.0,15728.0,-3384.0,5492.0,23537.0,9244.0,-184.0,13856.0,12501.0,1249.0,27731.0
-9816.0,-10720.0,-6876.0,-14418.0,-4145.0,-7687.0,-5252.0,6236.0,14884.0,1068.0,5908.0,18558.0,10356.0,2060.0,12856.0,9049.0,1470.0,23788.0
-10232.0,-9160.0,-7116.0,-12238.0,-8867.0,-5243.0,-8680.0,6180.0,14068.0,3153.0,4609.0,15671.0,11464.0,3260.0,11136.0,6980.0,2238.0,21286.0
-9888.0,-5632.0,-11176.0,-6816.0,-7919.0,-4993.0,-10012.0,3816.0,11304.0,4986.0,6163.0,12288.0,13568.0,2576.0,9372.0,5602.0,1939.0,20786.0
-11076.0,-6392.0,-8676.0,-7383.0,-12206.0,-6018.0,-11556.0,6000.0,10668.0,3095.0,3901.0,11401.0,13540.0,3144.0,9656.0,5486.0,2594.0,19424.0
-9436.0,-6948.0,-8424.0,-4528.0,-14964.0,-6095.0,-9028.0,3764.0,11788.0,4106.0,3304.0,9088.0,11196.0,3716.0,10484.0,3130.0,2772.0,17068.0
-9076.0,-8032.0,-10132.0,1542.0,-6773.0,-3510.0,-9988.0,2208.0,11048.0,5306.0,1027.0,6926.0,11080.0,5432.0,11104.0,531.0,3285.0,13634.0
-9372.0,-9872.0,-10688.0,224.0,-10503.0,-1168.0,-10440.0,1328.0,13468.0,8043.0,-876.0,5073.0,10700.0,6428.0,12044.0,-2692.0,3376.0,11576.0
-7608.0,-6980.0,-12112.0,2770.0,-7678.0,319.0,-10040.0,1848.0,13420.0,8699.0,-746.0,4237.0,11284.0,4396.0,11204.0,-3872.0,2942.0,10417.0
-7352.0,-5576.0,-14528.0,5642.0,-7363.0,920.0,-9600.0,5264.0,14144.0,9942.0,-222.0,1539.0,11376.0,2412.0,9952.0,-3529.0,2045.0,8495.0
-7904.0,-3080.0,-8260.0,-1949.0,-8533.0,499.0,-7920.0,7800.0,12376.0,13118.0,2489.0,-4066.0,11392.0,-1268.0,8488.0,-2100.0,2154.0,5499.0
-9132.0,-3828.0,-8996.0,683.0,-3186.0,218.0,-9304.0,6852.0,8172.0,5275.0,2110.0,-2926.0,11908.0,-1120.0,7928.0,383.0,1657.0,2905.0
-8888.0,-3480.0,-8572.0,1546.0,-145.0,-547.0,-11668.0,2436.0,6808.0,1693.0,216.0,-533.0,12604.0,4308.0,6788.0,-91.0,1969.0,1586.0
-8208.0,-3132.0,-10272.0,2362.0,-525.0,548.0,-11080.0,340.0,8084.0,2531.0,-944.0,-206.0,11796.0,4340.0,6692.0,-1855.0,1870.0,1151.0
-7160.0,-2220.0,-11260.0,2946.0,345.0,466.0,-12452.0,1316.0,8044.0,937.0,-1636.0,872.0,13112.0,4308.0,6696.0,-1296.0,1799.0,363.0
-7176.0,-2724.0,-12672.0,2382.0,318.0,-443.0,-12400.0,1272.0,9092.0,-883.0,-2219.0,1660.0,12888.0,4596.0,7764.0,-76.0,1802.0,-235.0
-7412.0,-4336.0,-12376.0,70.0,1009.0,-980.0,-11288.0,1932.0,11300.0,-2203.0,-2547.0,1689.0,11788.0,4640.0,9736.0,609.0,971.0,-1535.0
-8920.0,-5276.0,-12528.0,-410.0,2702.0,-409.0,-9672.0,2356.0,14632.0,-2983.0,-1956.0,2503.0,10972.0,3616.0,11844.0,1097.0,-820.0,-2419.0
-10592.0,-7300.0,-11552.0,-1490.0,2310.0,658.0,-10804.0,3576.0,13736.0,-2280.0,-1980.0,3369.0,12360.0,3504.0,12480.0,982.0,-1779.0,-3269.0
-11052.0,-7372.0,-11396.0,-1034.0,3863.0,1508.0,-8620.0,6556.0,16116.0,-1447.0,-1096.0,2267.0,10904.0,-96.0,13856.0,1195.0,-2712.0,-4635.0
-11780.0,-7688.0,-9812.0,-1314.0,5407.0,2481.0,-7440.0,6728.0,16060.0,-1875.0,-187.0,1996.0,10740.0,-148.0,13980.0,1713.0,-4362.0,-5930.0
-12404.0,-9272.0,-8504.0,-1672.0,7354.0,4058.0,-8596.0,6524.0,14284.0,-1084.0,-784.0,1286.0,11912.0,984.0,13780.0,229.0,-5080.0,-7934.0
-12236.0,-8576.0,-8708.0,1688.0,9613.0,5854.0,-8776.0,7312.0,15172.0,-387.0,-1246.0,-104.0,12208.0,936.0,12660.0,-645.0,-5118.0,-9197.0
-11376.0,-7816.0,-9940.0,1405.0,10791.0,6151.0,-8644.0,6760.0,15260.0,-197.0,-14.0,-1735.0,11792.0,1316.0,12896.0,-1096.0,-5636.0,-9546.0
-10740.0,-7824.0,-10896.0,963.0,10855.0,7269.0,-9260.0,5384.0,14460.0,133.0,694.0,-3477.0,11940.0,3620.0,12164.0,-722.0,-5707.0,-10235.0
-9396.0,-6504.0,-11256.0,142.0,10581.0,7631.0,-10300.0,3440.0,12608.0,830.0,844.0,-4746.0,12040.0,5200.0,9952.0,-2612.0,-6737.0,-10590.0
-8860.0,-5928.0,-10680.0,2146.0,7606.0,8751.0,-12380.0,1008.0,9956.0,2896.0,-748.0,-5507.0,13192.0,7564.0,7868.0,-4080.0,-6212.0,-10688.0
-8812.0,-3912.0,-10932.0,6297.0,6606.0,9133.0,-11796.0,1324.0,8072.0,5430.0,-2962.0,-5400.0,12612.0,5772.0,6844.0,-7314.0,-5278.0,-9926.0
-5316.0,-2652.0,-10248.0,3282.0,6366.0,8076.0,-7952.0,4048.0,10032.0,5512.0,-3224.0,-7662.0,9988.0,3224.0,6408.0,-6048.0,-4367.0,-11365.0
-5048.0,-2104.0,-10356.0,4475.0,9882.0,8477.0,-6992.0,2708.0,10228.0,3202.0,-1925.0,-6393.0,9808.0,2188.0,6496.0,-3330.0,-4766.0,-12096.0
-3460.0,-1916.0,-11036.0,2323.0,9524.0,7254.0,-9008.0,3468.0,9756.0,-433.0,-517.0,-6915.0,10096.0,5704.0,5220.0,-1121.0,-4797.0,-13289.0
-3988.0,-2556.0,-12408.0,1225.0,11237.0,7112.0,-11372.0,-2196.0,8212.0,-483.0,173.0,-7690.0,10644.0,9156.0,4948.0,-861.0,-4381.0,-12757.0
-5024.0,-2460.0,-13240.0,2144.0,8766.0,6453.0,-14164.0,-4212.0,7144.0,-406.0,-1373.0,-5941.0,12120.0,11132.0,4052.0,-2480.0,-3445.0,-10532.0
-4260.0,-2296.0,-12340.0,3923.0,4835.0,5964.0,-11932.0,-88.0,7704.0,170.0,-2345.0,-5714.0,9628.0,9780.0,4048.0,-4239.0,-3070.0,-9149.0
-1724.0,-2768.0,-9484.0,3317.0,3894.0,6973.0,-7664.0,-448.0,6468.0,3203.0,-2734.0,-9457.0,7024.0,6732.0,3724.0,-7155.0,-3026.0,-11226.0
-60.0,-1408.0,-9520.0,5233.0,8124.0,8290.0,-6372.0,1212.0,6668.0,2586.0,-3339.0,-10663.0,7100.0,5356.0,3136.0,-6103.0,-2905.0,-13758.0
576.0,476.0,-11520.0,5789.0,11848.0,7861.0,-8132.0,-436.0,6796.0,732.0,-2529.0,-11369.0,8320.0,6112.0,2180.0,-2761.0,-2036.0,-14395.0
-136.0,1192.0,-13516.0,4038.0,13559.0,5315.0,-10424.0,-4264.0,7624.0,-2958.0,-185.0,-10287.0,8920.0,9660.0,2288.0,902.0,-1703.0,-12583.0
-1168.0,-1160.0,-14060.0,2333.0,10733.0,3322.0,-12908.0,-6244.0,6408.0,-5400.0,-284.0,-6735.0,9040.0,13008.0,2520.0,1603.0,-1020.0,-10242.0
-96.0,-2020.0,-10984.0,-1546.0,7855.0,3144.0,-10864.0,-5616.0,6984.0,-3390.0,-843.0,-7364.0,6848.0,13136.0,3520.0,-551.0,-1176.0,-10452.0
2852.0,-3948.0,-18156.0,7663.0,11089.0,5788.0,-9044.0,-2556.0,7480.0,-835.0,-1019.0,-10508.0,5832.0,10836.0,3628.0,-2408.0,-1058.0,-12559.0
3040.0,-600.0,-14148.0,767.0,13842.0,5446.0,-7912.0,-4000.0,9164.0,-1473.0,186.0,-12259.0,6108.0,9636.0,3968.0,-839.0,-1745.0,-14171.0
2592.0,264.0,-17012.0,199.0,14715.0,4044.0,-12288.0,-5164.0,9184.0,-4640.0,2734.0,-11642.0,9220.0,12784.0,2400.0,3125.0,-2169.0,-13603.0
1700.0,-400.0,-18928.0,583.0,13335.0,1261.0,-16232.0,-10280.0,7676.0,-7009.0,2923.0,-9034.0,10592.0,17256.0,2900.0,5483.0,-517.0,-10659.0
1004.0,-1884.0,-19332.0,-1648.0,10909.0,-902.0,-17000.0,-12152.0,8576.0,-8908.0,903.0,-4130.0,9488.0,19376.0,4232.0,4836.0,405.0,-7753.0
2256.0,-5092.0,-19068.0,-1923.0,8755.0,-178.0,-15228.0,-9064.0,10016.0,-7986.0,-885.0,-3680.0,7572.0,20572.0,5772.0,1215.0,515.0,-8387.0
2764.0,-4800.0,-17840.0,-746.0,7464.0,3038.0,-13612.0,-7800.0,11644.0,-3268.0,-2049.0,-7845.0,7932.0,17144.0,6576.0,-1722.0,446.0,-10244.0
2428.0,-3108.0,-20400.0,4829.0,11811.0,3163.0,-13176.0,-7048.0,13344.0,-4142.0,-1008.0,-7637.0,8940.0,15576.0,6852.0,-80.0,-347.0,-10564.0
2372.0,-3384.0,-21432.0,2000.0,10981.0,1851.0,-15400.0,-8424.0,13396.0,-5753.0,290.0,-7225.0,9652.0,18616.0,6912.0,1721.0,-376.0,-9992.0
1940.0,-4488.0,-22488.0,-1621.0,8154.0,1203.0,-17028.0,-10724.0,13668.0,-5855.0,708.0,-6903.0,10100.0,21168.0,7572.0,1601.0,-696.0,-9070.0
1804.0,-5528.0,-23380.0,-117.0,7175.0,887.0,-19800.0,-11772.0,13368.0,-6130.0,-423.0,-5903.0,11208.0,23908.0,7956.0,-53.0,-658.0,-8076.0
1660.0,-6864.0,-23248.0,2490.0,5248.0,1096.0,-20300.0,-12000.0,13712.0,-6500.0,-2834.0,-5550.0,10948.0,24896.0,8968.0,-3003.0,-513.0,-7628.0
2132.0,-8524.0,-22644.0,4997.0,2820.0,2260.0,-19676.0,-10608.0,13500.0,-6414.0,-6243.0,-6678.0,10624.0,24948.0,9764.0,-7321.0,-566.0,-9292.0
3012.0,-9404.0,-23160.0,8386.0,1490.0,3801.0,-18308.0,-9196.0,14352.0,-6573.0,-10280.0,-9461.0,10404.0,23508.0,10244.0,-11588.0,-1078.0,-12862.0
1776.0,-7204.0,-23820.0,12707.0,1689.0,4446.0,-14200.0,-12108.0,17480.0,-6025.0,-10409.0,-10334.0,8176.0,20920.0,11048.0,-13427.0,-3379.0,-12761.0
1392.0,-6392.0,-23408.0,15702.0,1532.0,4114.0,-14104.0,-9944.0,16400.0,-7148.0,-7842.0,-9338.0,9328.0,17816.0,10340.0,-13391.0,-4555.0,-11393.0
1316.0,-7984.0,-21240.0,12560.0,-528.0,2330.0,-15444.0,-7684.0,14468.0,-9472.0,-6824.0,-10547.0,10120.0,19532.0,9740.0,-13782.0,-4049.0,-11718.0
1016.0,-10904.0,-17720.0,10456.0,-2139.0,2196.0,-16496.0,-6756.0,12556.0,-10313.0,-7269.0,-15536.0,11360.0,23320.0,9584.0,-19698.0,-1161.0,-12493.0
476.0,-12752.0,-18512.0,11686.0,-3133.0,2709.0,-17612.0,-9464.0,7724.0,-7118.0,-12354.0,-20941.0,11384.0,26728.0,8564.0,-27243.0,270.0,-13838.0
-944.0,-14420.0,-17216.0,16772.0,-4002.0,5477.0,-17288.0,-9740.0,7612.0,-897.0,-18723.0,-28128.0,8936.0,23724.0,8392.0,-32768.0,2031.0,-16223.0
-1772.0,-14548.0,-18348.0,28342.0,-1390.0,9045.0,-15620.0,-8808.0,8776.0,4560.0,-23789.0,-32768.0,7472.0,22156.0,8192.0,-32768.0,-1833.0,-14026.0
-2832.0,-12896.0,-19656.0,32767.0,-2469.0,12927.0,-9360.0,-10480.0,8396.0,14104.0,-24845.0,-32768.0,7684.0,19660.0,5740.0,-32768.0,-5427.0,-11307.0
-976.0,-9608.0,-16836.0,32767.0,-5818.0,15385.0,-3108.0,-5668.0,9500.0,21025.0,-23509.0,-32768.0,6688.0,13204.0,4940.0,-32768.0,-10097.0,-12909.0
-1152.0,-7764.0,-14888.0,32767.0,-2529.0,16282.0,-2012.0,-724.0,8528.0,24808.0,-22706.0,-32768.0,9636.0,14492.0,1316.0,-32768.0,-9705.0,-10215.0
-2424.0,-8580.0,-12256.0,32767.0,-5924.0,15509.0,-3352.0,-384.0,8340.0,31941.0,-18670.0,-32768.0,6012.0,8596.0,2768.0,-32768.0,-6531.0,-7135.0
-5060.0,-10880.0,-10572.0,32767.0,-5224.0,14657.0,-6368.0,-4844.0,-2248.0,32767.0,-15234.0,-32768.0,4848.0,4372.0,-2292.0,-32768.0,-30076.0,-31799.0
-3388.0,-9264.0,-10036.0,32767.0,-12007.0,14212.0,1356.0,7476.0,14940.0,32767.0,-13217.0,-32768.0,6372.0,16328.0,-2612.0,-32768.0,-16306.0,-3184.0
-2876.0,-9280.0,-5396.0,32767.0,-15975.0,14021.0,5896.0,5348.0,13732.0,32767.0,-16880.0,-32768.0,5484.0,11732.0,-2108.0,-32768.0,-17982.0,12461.0
-624.0,-10924.0,-8588.0,32767.0,-18037.0,14418.0,4232.0,3448.0,11084.0,32767.0,-10887.0,-32768.0,4404.0,-4044.0,-4252.0,-32768.0,-17330.0,12791.0
-2156.0,-6620.0,-4996.0,32767.0,-2929.0,15531.0,7136.0,-12.0,10080.0,32767.0,-8278.0,-32768.0,5236.0,-13140.0,-3308.0,-32768.0,-13344.0,11306.0
-2376.0,-3800.0,-4860.0,32767.0,-12439.0,10925.0,3944.0,396.0,11796.0,32767.0,-3650.0,-32768.0,7764.0,-9992.0,-568.0,-32768.0,-6296.0,10483.0
-9856.0,-9924.0,4280.0,32767.0,-16159.0,6467.0,-3528.0,11980.0,5168.0,32767.0,-5983.0,-32768.0,7196.0,-3624.0,2828.0,-32768.0,-2380.0,14598.0
-7516.0,-11580.0,1932.0,32767.0,-2156.0,3420.0,-480.0,8536.0,6736.0,32767.0,-8306.0,-32768.0,7196.0,-2080.0,1476.0,-32768.0,-1978.0,16861.0
-5956.0,-11276.0,1896.0,32767.0,-9114.0,1491.0,6784.0,3500.0,13656.0,32767.0,-7430.0,-32768.0,5596.0,-11088.0,704.0,-32768.0,-1426.0,17397.0
-4828.0,-9760.0,3820.0,32767.0,-2328.0,1388.0,5000.0,10980.0,11436.0,32767.0,-7215.0,-26785.0,5756.0,-13596.0,2976.0,-32768.0,1845.0,17476.0
-5236.0,-6752.0,5132.0,32767.0,-1024.0,1292.0,3852.0,13396.0,13236.0,32199.0,-7005.0,-22496.0,4820.0,-18592.0,6068.0,-31944.0,1428.0,15345.0
-6468.0,-6336.0,6432.0,32767.0,-1455.0,-260.0,2400.0,13944.0,14564.0,25200.0,-4911.0,-20801.0,5868.0,-18852.0,5572.0,-25483.0,279.0,11822.0
-7000.0,-6624.0,6976.0,29516.0,-3269.0,-2788.0,4492.0,6556.0,12748.0,20921.0,-2048.0,-17138.0,7976.0,-12620.0,1708.0,-18499.0,2508.0,13038.0
-5900.0,-8052.0,8024.0,24308.0,-9898.0,-5730.0,2356.0,8376.0,8164.0,18810.0,-2424.0,-11741.0,5780.0,-14084.0,4816.0,-14364.0,5948.0,13854.0
-4184.0,-8884.0,9052.0,25183.0,-8492.0,-7538.0,2064.0,11260.0,5540.0,15695.0,-6905.0,-8214.0,5748.0,-16184.0,4788.0,-11931.0,8270.0,12905.0
-3920.0,-8412.0,10368.0,23402.0,-4024.0,-8516.0,3700.0,12336.0,9452.0,12732.0,-11353.0,-5271.0,4596.0,-15668.0,6760.0,-10637.0,11129.0,11789.0
-3608.0,-8920.0,10404.0,16706.0,-4128.0,-8770.0,4416.0,12656.0,14184.0,10708.0,-11076.0,-4196.0,1372.0,-16908.0,10812.0,-7717.0,9483.0,8939.0
-3360.0,-9800.0,10480.0,12438.0,-5194.0,-7904.0,5088.0,11524.0,14856.0,9512.0,-8563.0,-3757.0,3268.0,-12188.0,8700.0,-8044.0,7142.0,7469.0
-2772.0,-10824.0,10868.0,12144.0,-2912.0,-6756.0,4360.0,12988.0,15452.0,8393.0,-6598.0,-3903.0,3016.0,-11288.0,7040.0,-8132.0,7774.0,7030.0
-2408.0,-11692.0,11224.0,10359.0,-2016.0,-5763.0,5340.0,10688.0,13496.0,7453.0,-4468.0,-5125.0,2888.0,-10452.0,7308.0,-8684.0,8663.0,7318.0
-1820.0,-11128.0,11804.0,9697.0,-3019.0,-5554.0,5496.0,8352.0,10268.0,8175.0,-4267.0,-3741.0,1120.0,-14476.0,10876.0,-7879.0,8776.0,6985.0
-372.0,-11532.0,12156.0,10607.0,-4344.0,-5969.0,5860.0,9908.0,9824.0,7906.0,-5371.0,-2320.0,1656.0,-15400.0,11300.0,-6191.0,7144.0,5063.0
228.0,-11408.0,13064.0,9996.0,-4364.0,-7320.0,6392.0,13552.0,12016.0,5921.0,-7815.0,-491.0,1028.0,-16176.0,12564.0,-3432.0,8197.0,4843.0
324.0,-11884.0,13616.0,7060.0,-2287.0,-7457.0,7652.0,15000.0,16096.0,3400.0,-7750.0,-1171.0,324.0,-15428.0,13160.0,-1965.0,7579.0,3638.0
-140.0,-12760.0,14408.0,4514.0,-2001.0,-5993.0,9020.0,13388.0,18584.0,2463.0,-5997.0,-26.0,-320.0,-14440.0,14704.0,-2291.0,6310.0,3222.0
252.0,-13388.0,14200.0,3751.0,-1595.0,-3771.0,8248.0,13288.0,17136.0,1239.0,-3366.0,137.0,-288.0,-14996.0,13760.0,-2298.0,4128.0,2751.0
476.0,-13364.0,14808.0,2189.0,-1781.0,-2739.0,7940.0,12396.0,13968.0,743.0,-2348.0,456.0,420.0,-15908.0,12944.0,-1649.0,3323.0,1682.0
712.0,-13112.0,14948.0,897.0,-927.0,-1940.0,7336.0,13556.0,13560.0,650.0,-2608.0,913.0,108.0,-15172.0,13160.0,-1132.0,2756.0,896.0
592.0,-12660.0,15072.0,866.0,-633.0,-1554.0,6920.0,14548.0,14240.0,137.0,-1717.0,423.0,684.0,-15400.0,11764.0,-942.0,1988.0,307.0
32.0,-12560.0,15076.0,711.0,802.0,-1030.0,6296.0,14496.0,13488.0,-653.0,-1211.0,-308.0,904.0,-15004.0,11184.0,-672.0,2044.0,-559.0
-596.0,-11976.0,14968.0,650.0,683.0,-571.0,6068.0,12492.0,12556.0,-601.0,-580.0,-289.0,1096.0,-13304.0,10956.0,-1045.0,1333.0,-202.0
-1044.0,-11472.0,14844.0,1113.0,975.0,-110.0,4884.0,13832.0,11576.0,-444.0,-521.0,-235.0,1672.0,-14816.0,9024.0,-1352.0,1382.0,-106.0
-1308.0,-10744.0,14728.0,301.0,1271.0,236.0,4816.0,13224.0,11380.0,-589.0,-907.0,-122.0,948.0,-15668.0,9672.0,-1261.0,1341.0,-649.0
-1296.0,-10196.0,14280.0,-29.0,1121.0,368.0,5000.0,12176.0,11080.0,-925.0,-617.0,121.0,1560.0,-15544.0,9064.0,-691.0,495.0,-1898.0
-1428.0,-10020.0,14168.0,-1074.0,911.0,157.0,4364.0,13832.0,11100.0,-1447.0,-944.0,778.0,1608.0,-14524.0,9016.0,353.0,812.0,-1830.0
-1692.0,-10048.0,13816.0,-2345.0,1030.0,-227.0,5176.0,11664.0,12012.0,-2696.0,-600.0,585.0,1868.0,-14008.0,8344.0,1034.0,543.0,-1326.0
-1608.0,-10320.0,13756.0,-2780.0,-373.0,-378.0,4656.0,11052.0,10148.0,-2115.0,-10.0,1833.0,1748.0,-13740.0,8272.0,1329.0,940.0,-1634.0
-1388.0,-10876.0,14060.0,-2704.0,-417.0,-134.0,3904.0,12720.0,9484.0,-1488.0,-865.0,1762.0,1708.0,-11876.0,8568.0,717.0,749.0,-1254.0
-1440.0,-10644.0,13840.0,-1771.0,398.0,300.0,4292.0,12396.0,10480.0,-923.0,-1124.0,1173.0,1712.0,-12704.0,7896.0,-238.0,662.0,-534.0
-1632.0,-10344.0,13564.0,-812.0,228.0,625.0,4404.0,11664.0,10672.0,-383.0,-338.0,868.0,1836.0,-12872.0,7968.0,-660.0,605.0,-535.0
-1628.0,-10292.0,13544.0,-563.0,33.0,674.0,4248.0,12240.0,9976.0,121.0,-326.0,852.0,1968.0,-12972.0,8052.0,-899.0,500.0,-256.0
-1424.0,-9824.0,13408.0,-172.0,407.0,781.0,4244.0,13168.0,11092.0,-251.0,-289.0,554.0,1404.0,-14704.0,9132.0,-437.0,72.0,-480.0
-1852.0,-9412.0,13336.0,-885.0,261.0,705.0,4992.0,11724.0,11644.0,-1110.0,638.0,959.0,2064.0,-14004.0,7920.0,166.0,-154.0,-423.0
-1928.0,-9824.0,13512.0,-1848.0,-297.0,695.0,3856.0,12804.0,9988.0,-1487.0,708.0,1245.0,2136.0,-13620.0,7688.0,280.0,-109.0,-472.0
-1780.0,-10044.0,13592.0,-1795.0,31.0,564.0,3808.0,11828.0,9152.0,-1548.0,249.0,1274.0,2608.0,-12904.0,6580.0,316.0,476.0,-298.0
-1948.0,-10156.0,13684.0,-1165.0,-87.0,492.0,3516.0,12404.0,8960.0,-702.0,-408.0,1346.0,2496.0,-12572.0,7140.0,-135.0,1053.0,243.0
-2024.0,-9836.0,13476.0,-794.0,180.0,403.0,3616.0,12880.0,9892.0,-665.0,-789.0,926.0,2084.0,-13812.0,7680.0,-390.0,1126.0,296.0
-2092.0,-9748.0,13312.0,-603.0,275.0,338.0,4212.0,11388.0,9816.0,-442.0,-923.0,1431.0,2488.0,-13860.0,7196.0,-410.0,1128.0,-15.0
-2180.0,-9888.0,13056.0,-925.0,-199.0,155.0,3740.0,12040.0,9880.0,-466.0,-1066.0,1790.0,2312.0,-13648.0,7616.0,101.0,1328.0,-182.0
-2080.0,-9736.0,12964.0,-1285.0,-310.0,-126.0,4016.0,12028.0,10208.0,-1183.0,-1118.0,1742.0,2128.0,-13608.0,7976.0,548.0,973.0,-284.0
-2016.0,-9932.0,13056.0,-1373.0,-441.0,-182.0,4436.0,11996.0,10576.0,-1094.0,-999.0,1939.0,2084.0,-13276.0,7976.0,709.0,823.0,-233.0
-2044.0,-10016.0,13092.0,-1642.0,-489.0,-118.0,4364.0,12252.0,10524.0,-1418.0,-785.0,1943.0,2016.0,-13344.0,8740.0,834.0,324.0,-33.0
-1928.0,-10432.0,13084.0,-1768.0,-819.0,-81.0,4512.0,11552.0,9992.0,-1346.0,-828.0,2343.0,2480.0,-13420.0,7644.0,868.0,540.0,-147.0
-1896.0,-10716.0,13168.0,-1489.0,-618.0,-42.0,4136.0,12624.0,9996.0,-861.0,-947.0,1895.0,2312.0,-12468.0,8288.0,579.0,791.0,75.0
-1880.0,-10808.0,13208.0,-904.0,-346.0,-33.0,4888.0,11504.0,10876.0,-470.0,-738.0,1601.0,2324.0,-13260.0,8160.0,182.0,561.0,412.0
-1864.0,-10704.0,13192.0,-847.0,-521.0,206.0,4788.0,12580.0,10908.0,-283.0,-586.0,1774.0,2040.0,-14340.0,8784.0,100.0,397.0,-353.0
-1812.0,-10952.0,13284.0,-1187.0,-144.0,617.0,4940.0,12432.0,10948.0,-435.0,-740.0,1715.0,2140.0,-13244.0,8724.0,-137.0,48.0,-804.0
-1944.0,-11000.0,13408.0,-946.0,-124.0,1024.0,5344.0,11644.0,11164.0,-21.0,-309.0,1731.0,2216.0,-12488.0,8868.0,-356.0,-164.0,-47.0
-1932.0,-10976.0,13280.0,-410.0,-339.0,1209.0,5000.0,12048.0,10736.0,399.0,-142.0,1887.0,2464.0,-13800.0,8120.0,-675.0,-100.0,99.0
-1828.0,-11008.0,13556.0,-129.0,-161.0,1368.0,4780.0,12976.0,10200.0,696.0,-244.0,1736.0,2296.0,-14252.0,8644.0,-964.0,-188.0,-700.0
-1744.0,-10580.0,13572.0,-275.0,532.0,1445.0,4672.0,14120.0,10760.0,426.0,-338.0,1072.0,2516.0,-13680.0,8320.0,-1024.0,-99.0,-752.0
-2100.0,-10708.0,13500.0,-719.0,985.0,1417.0,4864.0,13300.0,11256.0,-336.0,-27.0,273.0,2624.0,-13724.0,7988.0,-1117.0,186.0,-717.0
-2260.0,-10472.0,13268.0,-518.0,945.0,1309.0,4956.0,11624.0,10380.0,-609.0,478.0,67.0,2144.0,-14712.0,8500.0,-760.0,-414.0,-1246.0
-2216.0,-10020.0,12988.0,-912.0,501.0,998.0,4752.0,11364.0,9500.0,-865.0,173.0,929.0,2668.0,-13880.0,7632.0,-167.0,-348.0,-1467.0
-2256.0,-10208.0,12748.0,-1583.0,133.0,690.0,4696.0,11880.0,10036.0,-882.0,-10.0,1044.0,2552.0,-12512.0,7704.0,225.0,-125.0,-1076.0
-2244.0,-10496.0,13000.0,-1165.0,90.0,604.0,4700.0,12492.0,10744.0,-872.0,543.0,804.0,2484.0,-12864.0,8068.0,126.0,-272.0,-675.0
-2044.0,-10684.0,13020.0,-758.0,236.0,808.0,4824.0,11732.0,9752.0,-913.0,500.0,533.0,2852.0,-12368.0,7404.0,-441.0,-78.0,-633.0
-1900.0,-10796.0,13080.0,-132.0,237.0,935.0,4312.0,11968.0,8968.0,-69.0,78.0,107.0,2592.0,-12340.0,7640.0,-1131.0,200.0,-336.0
-2208.0,-10676.0,12912.0,1076.0,672.0,1072.0,4712.0,11620.0,9464.0,639.0,-345.0,-100.0,2728.0,-12744.0,7540.0,-1642.0,346.0,-92.0
-2344.0,-10076.0,13076.0,1061.0,500.0,1030.0,4944.0,11992.0,10064.0,678.0,-416.0,122.0,2532.0,-13792.0,7784.0,-1557.0,451.0,27.0
-2488.0,-9796.0,12964.0,673.0,162.0,952.0,4932.0,12432.0,10620.0,357.0,246.0,269.0,2560.0,-14564.0,7848.0,-1097.0,111.0,-103.0
-2360.0,-9768.0,13148.0,-141.0,146.0,616.0,4748.0,12720.0,9892.0,-659.0,151.0,417.0,2736.0,-14508.0,7404.0,-573.0,215.0,-508.0
-2376.0,-10004.0,13076.0,-909.0,98.0,430.0,4768.0,12112.0,9740.0,-951.0,60.0,640.0,2684.0,-13496.0,7780.0,-133.0,332.0,-710.0
-2196.0,-10352.0,13196.0,-827.0,26.0,301.0,4644.0,12792.0,9772.0,-936.0,17.0,444.0,2824.0,-12784.0,7352.0,-148.0,552.0,-293.0
-2056.0,-10808.0,13300.0,-164.0,393.0,357.0,4612.0,12800.0,9552.0,-779.0,-104.0,-251.0,2600.0,-12692.0,7740.0,-622.0,795.0,-93.0
-2124.0,-10500.0,13344.0,748.0,708.0,307.0,5008.0,12208.0,9424.0,-208.0,-360.0,-360.0,2656.0,-13720.0,7724.0,-1044.0,819.0,93.0
